ARRAY 2 1789
HOLE 1e+308
# X values
0 1 2 3 4 5 6 7 8 9 
10 11 12 13 14 15 16 17 18 19 
20 21 22 23 24 25 26 27 28 29 
30 31 32 33 34 35 36 37 38 39 
40 41 42 43 44 45 46 47 48 49 
50 51 52 53 54 55 56 57 58 59 
60 61 62 63 64 65 66 67 68 69 
70 71 72 73 74 75 76 77 78 79 
80 81 82 83 84 85 86 87 88 89 
90 91 92 93 94 95 96 97 98 99 
100 101 102 103 104 105 106 107 108 109 
110 111 112 113 114 115 116 117 118 119 
120 121 122 123 124 125 126 127 128 129 
130 131 132 133 134 135 136 137 138 139 
140 141 142 143 144 145 146 147 148 149 
150 151 152 153 154 155 156 157 158 159 
160 161 162 163 164 165 166 167 168 169 
170 171 172 173 174 175 176 177 178 179 
180 181 182 183 184 185 186 187 188 189 
190 191 192 193 194 195 196 197 198 199 
200 201 202 203 204 205 206 207 208 209 
210 211 212 213 214 215 216 217 218 219 
220 221 222 223 224 225 226 227 228 229 
230 231 232 233 234 235 236 237 238 239 
240 241 242 243 244 245 246 247 248 249 
250 251 252 253 254 255 256 257 258 259 
260 261 262 263 264 265 266 267 268 269 
270 271 272 273 274 275 276 277 278 279 
280 281 282 283 284 285 286 287 288 289 
290 291 292 293 294 295 296 297 298 299 
300 301 302 303 304 305 306 307 308 309 
310 311 312 313 314 315 316 317 318 319 
320 321 322 323 324 325 326 327 328 329 
330 331 332 333 334 335 336 337 338 339 
340 341 342 343 344 345 346 347 348 349 
350 351 352 353 354 355 356 357 358 359 
360 361 362 363 364 365 366 367 368 369 
370 371 372 373 374 375 376 377 378 379 
380 381 382 383 384 385 386 387 388 389 
390 391 392 393 394 395 396 397 398 399 
400 401 402 403 404 405 406 407 408 409 
410 411 412 413 414 415 416 417 418 419 
420 421 422 423 424 425 426 427 428 429 
430 431 432 433 434 435 436 437 438 439 
440 441 442 443 444 445 446 447 448 449 
450 451 452 453 454 455 456 457 458 459 
460 461 462 463 464 465 466 467 468 469 
470 471 472 473 474 475 476 477 478 479 
480 481 482 483 484 485 486 487 488 489 
490 491 492 493 494 495 496 497 498 499 
500 501 502 503 504 505 506 507 508 509 
510 511 512 513 514 515 516 517 518 519 
520 521 522 523 524 525 526 527 528 529 
530 531 532 533 534 535 536 537 538 539 
540 541 542 543 544 545 546 547 548 549 
550 551 552 553 554 555 556 557 558 559 
560 561 562 563 564 565 566 567 568 569 
570 571 572 573 574 575 576 577 578 579 
580 581 582 583 584 585 586 587 588 589 
590 591 592 593 594 595 596 597 598 599 
600 601 602 603 604 605 606 607 608 609 
610 611 612 613 614 615 616 617 618 619 
620 621 622 623 624 625 626 627 628 629 
630 631 632 633 634 635 636 637 638 639 
640 641 642 643 644 645 646 647 648 649 
650 651 652 653 654 655 656 657 658 659 
660 661 662 663 664 665 666 667 668 669 
670 671 672 673 674 675 676 677 678 679 
680 681 682 683 684 685 686 687 688 689 
690 691 692 693 694 695 696 697 698 699 
700 701 702 703 704 705 706 707 708 709 
710 711 712 713 714 715 716 717 718 719 
720 721 722 723 724 725 726 727 728 729 
730 731 732 733 734 735 736 737 738 739 
740 741 742 743 744 745 746 747 748 749 
750 751 752 753 754 755 756 757 758 759 
760 761 762 763 764 765 766 767 768 769 
770 771 772 773 774 775 776 777 778 779 
780 781 782 783 784 785 786 787 788 789 
790 791 792 793 794 795 796 797 798 799 
800 801 802 803 804 805 806 807 808 809 
810 811 812 813 814 815 816 817 818 819 
820 821 822 823 824 825 826 827 828 829 
830 831 832 833 834 835 836 837 838 839 
840 841 842 843 844 845 846 847 848 849 
850 851 852 853 854 855 856 857 858 859 
860 861 862 863 864 865 866 867 868 869 
870 871 872 873 874 875 876 877 878 879 
880 881 882 883 884 885 886 887 888 889 
890 891 892 893 894 895 896 897 898 899 
900 901 902 903 904 905 906 907 908 909 
910 911 912 913 914 915 916 917 918 919 
920 921 922 923 924 925 926 927 928 929 
930 931 932 933 934 935 936 937 938 939 
940 941 942 943 944 945 946 947 948 949 
950 951 952 953 954 955 956 957 958 959 
960 961 962 963 964 965 966 967 968 969 
970 971 972 973 974 975 976 977 978 979 
980 981 982 983 984 985 986 987 988 989 
990 991 992 993 994 995 996 997 998 999 
1000 1001 1002 1003 1004 1005 1006 1007 1008 1009 
1010 1011 1012 1013 1014 1015 1016 1017 1018 1019 
1020 1021 1022 1023 1024 1025 1026 1027 1028 1029 
1030 1031 1032 1033 1034 1035 1036 1037 1038 1039 
1040 1041 1042 1043 1044 1045 1046 1047 1048 1049 
1050 1051 1052 1053 1054 1055 1056 1057 1058 1059 
1060 1061 1062 1063 1064 1065 1066 1067 1068 1069 
1070 1071 1072 1073 1074 1075 1076 1077 1078 1079 
1080 1081 1082 1083 1084 1085 1086 1087 1088 1089 
1090 1091 1092 1093 1094 1095 1096 1097 1098 1099 
1100 1101 1102 1103 1104 1105 1106 1107 1108 1109 
1110 1111 1112 1113 1114 1115 1116 1117 1118 1119 
1120 1121 1122 1123 1124 1125 1126 1127 1128 1129 
1130 1131 1132 1133 1134 1135 1136 1137 1138 1139 
1140 1141 1142 1143 1144 1145 1146 1147 1148 1149 
1150 1151 1152 1153 1154 1155 1156 1157 1158 1159 
1160 1161 1162 1163 1164 1165 1166 1167 1168 1169 
1170 1171 1172 1173 1174 1175 1176 1177 1178 1179 
1180 1181 1182 1183 1184 1185 1186 1187 1188 1189 
1190 1191 1192 1193 1194 1195 1196 1197 1198 1199 
1200 1201 1202 1203 1204 1205 1206 1207 1208 1209 
1210 1211 1212 1213 1214 1215 1216 1217 1218 1219 
1220 1221 1222 1223 1224 1225 1226 1227 1228 1229 
1230 1231 1232 1233 1234 1235 1236 1237 1238 1239 
1240 1241 1242 1243 1244 1245 1246 1247 1248 1249 
1250 1251 1252 1253 1254 1255 1256 1257 1258 1259 
1260 1261 1262 1263 1264 1265 1266 1267 1268 1269 
1270 1271 1272 1273 1274 1275 1276 1277 1278 1279 
1280 1281 1282 1283 1284 1285 1286 1287 1288 1289 
1290 1291 1292 1293 1294 1295 1296 1297 1298 1299 
1300 1301 1302 1303 1304 1305 1306 1307 1308 1309 
1310 1311 1312 1313 1314 1315 1316 1317 1318 1319 
1320 1321 1322 1323 1324 1325 1326 1327 1328 1329 
1330 1331 1332 1333 1334 1335 1336 1337 1338 1339 
1340 1341 1342 1343 1344 1345 1346 1347 1348 1349 
1350 1351 1352 1353 1354 1355 1356 1357 1358 1359 
1360 1361 1362 1363 1364 1365 1366 1367 1368 1369 
1370 1371 1372 1373 1374 1375 1376 1377 1378 1379 
1380 1381 1382 1383 1384 1385 1386 1387 1388 1389 
1390 1391 1392 1393 1394 1395 1396 1397 1398 1399 
1400 1401 1402 1403 1404 1405 1406 1407 1408 1409 
1410 1411 1412 1413 1414 1415 1416 1417 1418 1419 
1420 1421 1422 1423 1424 1425 1426 1427 1428 1429 
1430 1431 1432 1433 1434 1435 1436 1437 1438 1439 
1440 1441 1442 1443 1444 1445 1446 1447 1448 1449 
1450 1451 1452 1453 1454 1455 1456 1457 1458 1459 
1460 1461 1462 1463 1464 1465 1466 1467 1468 1469 
1470 1471 1472 1473 1474 1475 1476 1477 1478 1479 
1480 1481 1482 1483 1484 1485 1486 1487 1488 1489 
1490 1491 1492 1493 1494 1495 1496 1497 1498 1499 
1500 1501 1502 1503 1504 1505 1506 1507 1508 1509 
1510 1511 1512 1513 1514 1515 1516 1517 1518 1519 
1520 1521 1522 1523 1524 1525 1526 1527 1528 1529 
1530 1531 1532 1533 1534 1535 1536 1537 1538 1539 
1540 1541 1542 1543 1544 1545 1546 1547 1548 1549 
1550 1551 1552 1553 1554 1555 1556 1557 1558 1559 
1560 1561 1562 1563 1564 1565 1566 1567 1568 1569 
1570 1571 1572 1573 1574 1575 1576 1577 1578 1579 
1580 1581 1582 1583 1584 1585 1586 1587 1588 1589 
1590 1591 1592 1593 1594 1595 1596 1597 1598 1599 
1600 1601 1602 1603 1604 1605 1606 1607 1608 1609 
1610 1611 1612 1613 1614 1615 1616 1617 1618 1619 
1620 1621 1622 1623 1624 1625 1626 1627 1628 1629 
1630 1631 1632 1633 1634 1635 1636 1637 1638 1639 
1640 1641 1642 1643 1644 1645 1646 1647 1648 1649 
1650 1651 1652 1653 1654 1655 1656 1657 1658 1659 
1660 1661 1662 1663 1664 1665 1666 1667 1668 1669 
1670 1671 1672 1673 1674 1675 1676 1677 1678 1679 
1680 1681 1682 1683 1684 1685 1686 1687 1688 1689 
1690 1691 1692 1693 1694 1695 1696 1697 1698 1699 
1700 1701 1702 1703 1704 1705 1706 1707 1708 1709 
1710 1711 1712 1713 1714 1715 1716 1717 1718 1719 
1720 1721 1722 1723 1724 1725 1726 1727 1728 1729 
1730 1731 1732 1733 1734 1735 1736 1737 1738 1739 
1740 1741 1742 1743 1744 1745 1746 1747 1748 1749 
1750 1751 1752 1753 1754 1755 1756 1757 1758 1759 
1760 1761 1762 1763 1764 1765 1766 1767 1768 1769 
1770 1771 1772 1773 1774 1775 1776 1777 1778 1779 
1780 1781 1782 1783 1784 1785 1786 1787 1788 
# Y values, set 0
0.5814034	0.5658168	0.5474462	0.5117866	0.4888067	0.4664542	0.4447232	0.4236077	0.4158469	0.4132789	0.4262137	0.4393869	0.4527999	0.4420503	0.4210113	0.3905921	0.3568065	0.3226077	0.3009382	0.2842437	0.2661349	0.2506292	0.2283985	0.214254	0.2073821	0.2056848	0.2230314	0.2563791	0.3270494	0.4005809	0.450098	0.5059825	0.5414031	0.5877091	0.6837677	0.8000423	0.8663228	0.923308	0.9484024	0.9568576	0.9568576	0.9611021	0.9568576	0.9316277	0.9316277	0.9109125	0.9316277	0.9150331	0.8904773	0.8904773	0.8543952	0.8386463	0.8076756	0.7811491	0.7625267	0.7260882	0.7296839	0.715365	0.715365	0.7332903	0.784906	0.7886738	0.777403	0.7588345	0.7225031	0.701216	0.6872363	0.6803097	0.6665825	0.6631768	0.6699986	0.6631768	0.6699986	0.6734251	0.6734251	0.6429622	0.6264023	0.6036518	0.5908772	0.572021	0.5908772	0.6036518	0.6264023	0.656397	0.6768622	0.6837677	0.6734251	0.6530226	0.6264023	0.6198508	0.5940555	0.5972441	0.6068711	0.5908772	0.5782657	0.5908772	0.5908772	0.5940555	0.5940555	0.5751383	0.5596529	0.5596529	0.5444196	0.5324135	0.5235138	0.5354001	0.5414031	0.5444196	0.5627298	0.5535294	0.5444196	0.5414031	0.5264704	0.5147036	0.5205671	0.529437	0.5205671	0.529437	0.5324135	0.5444196	0.5444196	0.529437	0.5088797	0.4944926	0.4747632	0.4803513	0.48316	0.4803513	0.48316	0.4803513	0.4775524	0.48316	0.5059825	0.5176304	0.5235138	0.5002179	0.4719839	0.4692142	0.4609635	0.4692142	0.4692142	0.4803513	0.48316	0.4803513	0.4719839	0.4719839	0.4609635	0.4582326	0.450098	0.4367331	0.4210113	0.4132789	0.3955677	0.4031016	0.4158469	0.4132789	0.4158469	0.4236077	0.4210113	0.4056318	0.3955677	0.3930752	0.3831989	0.3758896	0.3807531	0.3783167	0.3831989	0.3734718	0.3615218	0.3638933	0.3521279	0.3474861	0.3451789	0.3474861	0.3405919	0.3360414	0.3292838	0.3383121	0.3521279	0.3662741	0.4005809	0.4210113	0.4210113	0.4081714	0.3881183	0.3856539	0.3881183	0.3905921	0.3831989	0.4005809	0.4132789	0.4132789	0.4158469	0.4262137	0.4184243	0.4056318	0.3881183	0.3710633	0.3930752	0.3758896	0.3807531	0.3807531	0.3980696	0.4158469	0.4236077	0.4314543	0.4420503	0.4158469	0.4056318	0.3955677	0.3955677	0.4081714	0.4081714	0.4184243	0.4288292	0.4314543	0.4420503	0.4288292	0.4288292	0.4184243	0.3955677	0.3905921	0.3591596	0.3360414	0.3292838	0.3360414	0.3498024	0.3568065	0.3662741	0.3881183	0.3856539	0.3758896	0.3662741	0.3474861	0.3428808	0.3428808	0.3451789	0.3568065	0.3638933	0.3710633	0.3662741	0.3591596	0.3498024	0.3383121	0.3270494	0.311661	0.2967114	0.2925202	0.2842437	0.2449564	0.2125236	0.2023151	0.2090876	0.2230314	0.2230314	0.214254	0.1956744	0.1796439	0.1674001	0.155665	0.1542335	0.1499861	0.1430625	0.1430625	0.141701	0.1444317	0.1485858	0.1585515	0.1674001	0.1765349	0.1875577	0.1940347	0.1907799	0.2039959	0.2108015	0.2248121	0.2449564	0.5814034	0.6264023	0.5782657	0.5147036	0.4664542	0.450098	0.4340889	0.4210113	0.4132789	0.4132789	0.4081714	0.4056318	0.3930752	0.3831989	0.3544626	0.3270494	0.3138323	0.3138323	0.3138323	0.3270494	0.3204003	0.3360414	0.3474861	0.3521279	0.3544626	0.3521279	0.3591596	0.3521279	0.3474861	0.3474861	0.3521279	0.3686641	0.5689138	0.5627298	0.5474462	0.5354001	0.529437	0.5002179	0.4803513	0.4393869	0.4031016	0.3905921	0.4056318	0.4132789	0.4158469	0.4447232	0.4859785	0.5147036	0.5444196	0.5782657	0.5877091	0.5845511	0.5782657	0.5845511	0.5877091	0.5845511	0.6068711	0.6101006	0.6198508	0.6396295	0.6329952	0.6329952	0.5972441	0.5845511	0.5596529	0.5383966	0.5354001	0.5504828	0.5414031	0.5627298	0.5845511	0.5940555	0.6296936	0.6429622	0.6396295	0.6264023	0.6068711	0.6133403	0.6101006	0.6198508	0.6264023	0.6396295	0.6530226	0.6429622	0.6264023	0.5908772	0.5877091	0.5627298	0.5354001	0.5235138	0.4888067	0.5030953	0.529437	0.5324135	0.5383966	0.5444196	0.5474462	0.5474462	0.5444196	0.5504828	0.5324135	0.5264704	0.5147036	0.5205671	0.5383966	0.5596529	0.5596529	0.5535294	0.5264704	0.4973503	0.4420503	0.4420503	0.4005809	0.3686641	0.3638933	0.3521279	0.3568065	0.3758896	0.4005809	0.4184243	0.4340889	0.4236077	0.4184243	0.4184243	0.4031016	0.4056318	0.3955677	0.4031016	0.4210113	0.4340889	0.4367331	0.4005809	0.4158469	0.3930752	0.3930752	0.3930752	0.4420503	0.4719839	0.4803513	0.5235138	0.5474462	0.5596529	0.5845511	0.6231214	0.6396295	0.6264023	0.6133403	0.6231214	0.6101006	0.6036518	0.572021	0.5504828	0.5535294	0.5264704	0.5176304	0.4859785	0.4474058	0.4314543	0.4031016	0.3710633	0.3337798	0.3204003	0.2967114	0.2720926	0.2720926	0.2602555	0.2681121	0.2449564	0.258313	0.2449564	0.2320187	0.2108015	0.2039959	0.1907799	0.1827852	0.1875577	0.1907799	0.2023151	0.1989783	0.1956744	0.1989783	0.1907799	0.1827852	0.1659056	0.1485858	0.1485858	0.1350087	0.1376626	0.1403472	0.1485858	0.1444317	0.1629402	0.1614694	0.1614694	0.1499861	0.1363318	0.1285073	0.1234424	0.122195	0.1148674	0.1571043	0.1513941	0.1513941	0.1585515	0.1585515	0.1600065	0.1674001	0.1780854	0.173458	0.1780854	0.1812105	0.1891647	0.2023151	0.2194954	0.2430827	0.2602555	0.2801583	0.2967114	0.3160127	0.3360414	0.3638933	0.3831989	0.4031016	0.4158469	0.4005809	0.4367331	0.4262137	0.4236077	0.4132789	0.3881183	0.3405919	0.3094985	0.2842437	0.2740959	0.3498024	0.3783167	0.4393869	0.5205671	0.572021	0.6036518	0.6363072	0.701216	0.9358045	1.039453	1.052874	1.070929	1.061878	1.048389	1.061878	1.075472	1.05737	1.035003	0.9781938	0.9358045	0.87835	0.8192075	0.7886738	0.7514825	0.7699432	0.8115087	0.8076756	0.8000423	0.8153526	0.8076756	0.8000423	0.784906	0.7588345	0.7082693	0.6872363	0.6665825	0.6768622	0.6872363	0.6803097	0.6977053	0.701216	0.6803097	0.6699986	0.6165904	0.5877091	0.5414031	1.000436	1.500654	1.669758	2.563185	5.475358	6.30116	6.677065	3.845192	3.413864	2.422086	1.684291	1.423019	1.246851	1.116884	1.035003	0.965358	0.9109125	0.8386463	0.7811491	0.7118118	0.6363072	0.6296936	0.5627298	0.5059825	0.4555114	0.4288292	0.3881183	0.3686641	0.3292838	0.3292838	0.3337798	0.3337798	0.3160127	0.2967114	0.2883643	0.2801583	0.2641664	0.2602555	0.2563791	0.2525372	0.258313	0.2602555	0.2602555	0.2602555	0.5354001	0.8904773	0.9568576	0.923308	0.8864238	0.8504414	0.8464987	0.8623359	0.87835	0.9150331	0.9611021	0.991132	0.9998146	0.9868079	0.9484024	0.9191649	0.9399925	0.9739038	0.9611021	0.965358	0.9781938	0.9781938	0.9696252	0.9611021	0.9441918	0.9316277	0.9027049	0.8743299	0.8230733	0.7924525	0.7886738	0.8000423	0.8230733	0.8386463	0.8823813	0.9191649	0.9274622	0.8743299	0.8543952	0.8543952	0.8347366	0.8115087	0.7962419	0.7962419	0.8076756	0.8347366	0.8269501	0.8115087	0.7962419	0.777403	0.7405351	0.8308378	0.6907154	0.6872363	0.6699986	0.6631768	0.694205	0.8623359	0.7588345	0.7886738	0.8076756	0.8192075	0.8000423	0.777403	0.7588345	0.7662296	0.7369073	0.7296839	0.85836	0.8464987	0.8269501	0.8192075	0.8230733	0.784906	0.7441735	0.7118118	0.6768622	0.6665825	0.6631768	0.6907154	0.7189288	0.7332903	0.7662296	0.8076756	0.8192075	0.8347366	0.8386463	0.8269501	0.8308378	0.8153526	0.8192075	0.8308378	0.8308378	0.8308378	0.8347366	0.8386463	0.8308378	0.8308378	0.8308378	0.8386463	0.842567	0.85836	0.87835	0.8864238	0.8386463	0.8864238	0.9191649	0.965358	0.9868079	1.017317	1.012924	1.026137	1.008543	0.991132	0.9824951	0.9868079	0.9781938	0.9739038	0.965358	0.9568576	0.965358	0.9568576	0.9568576	0.9484024	0.9526243	0.9399925	0.8347366	0.85836	0.6530226	0.6907154	0.7405351	0.7625267	0.7736678	0.7811491	0.7662296	0.7514825	0.7478227	0.7514825	0.7441735	0.7369073	0.7478227	0.7551532	0.7514825	0.7514825	0.7441735	0.7441735	0.715365	0.7047374	0.715365	0.7332903	0.7625267	0.8038535	0.8192075	0.8347366	0.85836	0.8703207	0.8823813	0.8904773	0.8864238	0.87835	0.8623359	0.8543952	0.8464987	0.842567	0.842567	0.8464987	0.8386463	0.8464987	0.8386463	0.8386463	0.8386463	0.8386463	0.8347366	0.8269501	0.8269501	0.8308378	0.8543952	0.87835	0.9068031	0.9191649	0.9484024	0.9484024	0.9399925	0.9399925	0.923308	0.9150331	0.8986179	0.8986179	0.8864238	0.8864238	0.87835	0.8623359	0.8543952	0.8386463	0.8192075	0.8153526	0.8038535	0.7924525	0.7924525	0.7962419	0.8308378	0.8504414	0.8823813	0.894542	0.9150331	0.923308	0.9316277	0.9150331	0.9150331	0.9109125	0.9109125	0.9068031	0.9068031	0.9150331	0.9191649	0.9191649	0.9191649	0.923308	0.9316277	0.9568576	0.9824951	1.008543	1.035003	1.070929	1.107599	1.130898	1.154491	1.164011	1.154491	1.154491	1.164011	2.356759	2.463962	2.635362	2.666337	2.604606	2.523659	2.503663	2.563939	2.728949	2.792445	2.803114	2.771181	2.728949	2.718452	2.73947	2.824527	3.044134	3.203854	3.238729	3.262107	3.262107	3.238729	3.203854	3.146239	3.157711	3.157711	3.203854	3.157711	3.146239	3.123372	3.100606	3.134793	3.157711	3.180732	3.19228	3.146239	3.111976	3.180732	3.262107	3.356648	3.440727	3.52608	5.304871	6.340473	6.18301	5.725255	5.21066	4.904112	2.254141	2.127847	1.992726	1.920715	1.862999	1.825119	1.80013	1.744672	1.720363	1.678324	1.625203	1.584604	1.561686	1.555988	1.550303	1.578856	1.613539	1.660501	1.702269	1.750782	1.756904	1.769189	1.750782	1.750782	1.726421	1.69027	1.67237	1.666429	1.648683	1.625203	1.625203	1.601927	1.601927	1.57312	1.57312	1.590366	1.59614	1.613539	1.607727	1.619365	1.684291	1.708287	1.714319	1.775351	1.831399	1.862999	1.888517	1.875732	1.875732	1.85032	1.837693	1.812598	1.812598	1.806358	1.806358	1.806358	1.818852	1.818852	1.818852	1.837693	1.888517	1.940193	1.979512	2.019316	2.012648	2.012648	2.0394	2.0394	2.0394	2.052858	2.0394	2.025997	1.992726	1.953246	1.920715	1.882118	1.844	1.818852	1.80013	1.775351	1.76304	1.750782	1.738575	1.744672	1.769189	1.831399	1.882118	1.946713	1.953246	2.046122	2.155526	2.17643	2.21861	2.225688	2.239887	2.247007	2.232781	2.247007	2.247007	2.247007	2.239887	2.239887	2.225688	2.183425	2.183425	2.169448	2.17643	2.204494	2.268451	2.340838	2.422086	2.497437	2.527976	2.581973	2.589744	2.581973	2.581973	2.581973	2.566473	2.574216	2.574216	2.535647	2.52032	2.50505	2.489838	2.459584	2.429558	2.399758	2.399758	2.399758	2.370185	2.384943	2.452056	2.392344	2.535647	2.613145	2.708052	2.756292	2.788746	2.81324	2.80506	2.81324	2.78061	2.740154	2.724073	2.692089	2.660337	2.644548	2.636676	2.613145	2.59753	2.551032	2.535647	2.512678	2.527976	2.558745	2.60533	2.660337	2.724073	2.724073	2.77249	2.788746	2.821434	2.837867	2.846106	2.846106	2.829643	2.81324	2.77249	2.724073	2.708052	2.676183	2.644548	2.60533	2.581973	2.566473	2.551032	2.535647	2.535647	2.566473	2.620974	2.700063	2.748215	2.788746	2.87091	2.912548	2.963004	2.988434	3.02255	3.02255	3.005462	2.988434	2.954557	2.92092	2.846106	2.837867	2.748215	2.732106	2.700063	2.684129	2.684129	2.668253	2.668253	2.652435	2.652435	2.668253	8.028551	7.98101	8.028551	6.028551	3.052386	3.148166	2.052386	2.100188	2.052386	2.052386	1.352386	2.98101	3.98101	5.957306	6.98101	6.933645	6.98101	6.933645	6.886453	6.745919	6.745919	6.69942	6.653094	5.606941	2.527976	2.543332	2.543332	2.543332	2.535647	2.551032	2.535647	2.52032	2.52032	2.489838	2.459584	2.437043	2.407187	2.392344	2.377557	2.362827	2.362827	2.348154	2.348154	2.333536	2.318975	2.333536	2.333536	2.384943	2.444542	2.489838	2.543332	2.574216	2.613145	2.644548	2.668253	2.684129	2.700063	2.700063	2.700063	2.700063	2.684129	2.668253	2.652435	2.652435	2.636676	2.620974	2.620974	2.60533	2.620974	2.660337	2.708052	2.77249	2.846106	2.904191	2.963004	3.048295	3.056907	3.108895	3.126345	3.161428	3.187899	3.187899	3.187899	3.187899	3.187899	3.17906	3.196754	3.143856	3.091505	3.048295	3.039699	3.039699	3.039699	3.039699	3.074176	3.100192	3.170236	3.205623	3.214508	3.268139	3.313254	3.349622	3.349622	3.331407	3.331407	9.994222	9.885485	9.777487	9.777487	9.777487	9.750603	9.750603	9.994222	10.91977	11.47602	12.17263	14.35092	22.35515	30.76432	42.53944	59.35872	63.54832	61.60469	56.91801	49.46212	41.31645	33.68449	27.75178	23.59951	20.89218	19.8675	17.91525	16.64648	15.65183	14.76506	14.21452	13.77685	13.54473	13.38045	13.47887	14.69552	22.17445	36.15769	50.99121	53.34245	47.00534	42.53944	36.84066	30.43194	23.08735	19.28483	17.40838	16.42209	5.193229	4.933302	4.772248	4.659261	4.592283	4.738173	4.79505	4.829381	4.829381	4.875396	4.829381	4.715541	4.670483	4.570093	4.416643	4.341147	4.287721	4.213619	4.171638	4.182109	4.140325	4.109159	4.088464	4.067834	3.996143	3.975806	3.925247	3.865109	3.835258	3.79568	3.775988	3.79568	3.756359	3.775988	3.775988	3.775988	3.756359	3.746568	3.717293	3.785826	3.845192	3.875092	3.875092	3.905137	3.955534	3.975806	3.985966	4.006336	3.975806	3.965662	3.945422	3.935327	3.905137	3.905137	3.925247	3.925247	3.945422	3.925247	3.905137	3.905137	3.925247	3.965662	4.02677	4.078141	4.224155	4.298373	4.405807	4.503925	4.559023	4.625696	4.670483	4.670483	4.681722	4.704251	4.648056	4.636867	4.636867	4.636867	4.614542	4.614542	4.614542	4.592283	4.614542	4.636867	4.636867	4.692978	4.78364	4.852355	4.921687	4.979937	5.050408	5.121505	5.193229	5.217277	5.217277	5.193229	5.193229	5.193229	5.145343	5.145343	5.097736	5.097736	5.026848	5.050408	5.026848	5.026848	5.026848	5.003358	5.050408	5.133415	5.229327	5.387581	5.486453	5.586463	5.636898	5.674911	5.725848	5.725848	5.777074	5.751425	2.700063	2.821434	2.87091	2.912548	2.92092	2.954557	2.979942	3.005462	3.02255	3.039699	3.065534	3.091505	3.126345	3.161428	3.241255	3.358753	3.460216	3.58256	3.68816	3.775988	3.835258	3.905137	3.935327	3.488214	3.525765	3.554092	3.196754	2.92092	2.963004	2.979942	2.988434	2.988434	2.996941	3.013999	3.013999	3.031117	3.056907	2.937709	2.963004	2.854359	2.796896	2.80506	2.837867	2.821434	2.904191	2.912548	2.971466	2.929307	2.912548	2.937709	2.895848	2.846106	2.60533	2.59753	2.59753	2.59753	2.613145	2.60533	2.60533	2.60533	2.628818	2.676183	2.652435	2.60533	2.535647	2.636676	2.724073	2.78061	2.821434	2.895848	2.937709	2.971466	2.979942	6.148352	6.235225	6.131068	7.971932	12.85655	13.66939	12.66508	11.52848	10.41049	9.658763	8.898497	8.239063	7.750184	7.512718	7.473588	7.415132	7.591361	7.630874	7.730219	8.074023	8.469417	8.768375	8.9203	9.029822	4.492957	4.394989	4.224155	4.088464	3.905137	3.775988	3.707566	3.639923	3.573055	3.516354	3.432358	3.313254	3.214508	3.170236	3.108895	3.082833	3.048295	3.056907	3.091505	3.074176	3.074176	3.056907	3.02255	2.979942	2.87091	2.829643	2.756292	2.724073	2.700063	2.692089	2.676183	2.660337	2.676183	2.636676	2.566473	2.512678	2.482253	2.452056	2.437043	2.467126	2.474682	2.512678	2.527976	2.558745	2.574216	2.574216	2.535647	2.535647	2.50505	2.452056	2.422086	2.399758	2.399758	2.392344	2.422086	2.422086	2.422086	2.407187	2.377557	2.377557	2.370185	2.384943	2.384943	2.392344	2.444542	2.459584	2.482253	2.512678	2.512678	2.543332	2.566473	2.543332	2.527976	2.527976	2.512678	2.497437	2.482253	2.512678	2.50505	2.50505	2.50505	2.497437	2.482253	2.497437	2.50505	2.535647	2.558745	2.589744	2.644548	2.692089	2.748215	2.78061	2.829643	2.837867	2.87091	2.854359	2.854359	2.829643	2.81324	2.80506	2.80506	2.796896	2.764384	2.77249	2.77249	2.77249	2.77249	2.80506	2.821434	2.887521	2.644548	2.512678	2.59753	2.452056	2.535647	2.589744	2.652435	2.676183	2.692089	2.708052	2.60533	2.362827	2.377557	2.392344	2.384943	2.399758	2.370185	2.377557	2.370185	2.370185	2.340838	2.340838	2.370185	2.399758	2.41463	2.348154	2.392344	2.340838	2.422086	2.297238	2.355483	2.384943	2.41463	2.422086	2.093556	2.093556	2.079935	2.052858	2.052858	2.032692	1.999353	1.986112	1.959792	1.933687	1.920715	1.933687	1.946713	1.818852	1.869359	1.756904	1.781526	1.812598	1.837693	1.856653	1.882118	1.882118	1.80013	1.80013	1.812598	1.787714	1.561686	1.59614	1.601927	1.613539	1.631054	1.648683	1.67237	1.69027	1.69027	1.714319	1.756904	1.769189	1.80013	1.825119	1.862999	1.907796	1.940193	1.966352	2.012648	2.025997	2.0394	2.046122	2.046122	2.066369	2.046122	2.066369	2.066369	2.066369	2.079935	2.086739	2.086739	2.100387	2.100387	2.086739	2.114089	2.169448	2.21861	2.275627	2.311715	2.384943	2.422086	2.459584	2.52032	2.543332	2.558745	2.543332	2.535647	2.392344	2.392344	2.392344	2.377557	2.377557	2.377557	2.377557	2.377557	2.370185	2.370185	2.392344	2.407187	2.318975	2.005994	2.127847	2.183425	1.972925	2.059607	2.134746	2.183425	2.232781	2.247007	2.254141	2.120961	2.148586	2.134746	2.141659	2.155526	2.148586	2.134746	2.148586	2.134746	2.086739	2.059607	2.059607	1.775351	1.856653	1.775351	1.806358	1.920715	1.825119	1.901356	1.702269	1.744672	1.781526	1.769189	1.76304	1.76304	1.750782	1.76304	1.756904	1.756904	1.756904	1.744672	1.708287	1.708287	1.67237	1.660501	1.67237	1.714319	1.714319	1.666429	1.67237	1.561686	1.648683	1.708287	1.744672	1.76304	1.793915	1.781526	1.781526	1.781526	1.781526	1.775351	1.76304	1.76304	1.750782	1.750782	1.744672	1.720363	1.708287	1.720363	1.732492	1.406904	1.472036	1.46654	1.590366	1.69027	1.750782	1.812598	1.856653	1.888517	1.89493	1.907796	1.920715	1.901356	1.89493	1.882118	1.888517	1.888517	1.901356	1.882118	1.882118	1.882118	1.882118	1.882118	1.882118	1.882118	1.882118	1.882118	1.882118	1.882118	1.882118	1.882118	1.882118	1.882118	
# Y values, set 1
0.6486437	0.64811	0.6480976	0.647621	0.6473776	0.6469776	0.6465256	0.6462112	0.6455753	0.6453476	0.6445562	0.6444105	0.6434968	0.6434234	0.6424259	0.6424101	0.641374	0.6413945	0.6403746	0.6404005	0.6394678	0.6394499	0.6387053	0.6385596	0.6381583	0.6377338	0.6363989	0.6369271	0.6347033	0.6351512	0.633187	0.6335661	0.6318914	0.632226	0.6308082	0.6310884	0.6298822	0.6300951	0.6290594	0.6291976	0.6282991	0.6283613	0.6275738	0.6275638	0.6268664	0.6267908	0.6261667	0.6260336	0.6254689	0.6252871	0.6247699	0.6245483	0.6240686	0.6238152	0.6233645	0.6230869	0.6226578	0.6223627	0.621949	0.6216422	0.6212388	0.620925	0.6205276	0.6202109	0.6198162	0.6194997	0.6191051	0.6187911	0.6183947	0.6180849	0.6176854	0.617381	0.6169775	0.616679	0.6162714	0.6159789	0.6155671	0.6152805	0.6148648	0.6145836	0.6141647	0.6138881	0.6134668	0.613194	0.6127712	0.6125011	0.6120778	0.6118095	0.6113867	0.611119	0.6106979	0.6104298	0.6100114	0.6097418	0.6093271	0.609055	0.608645	0.6083696	0.6079651	0.6076856	0.6072874	0.6070031	0.6066118	0.6063222	0.6059385	0.605643	0.6052674	0.6049656	0.6045983	0.6042894	0.6039293	0.6036116	0.6032581	0.6029316	0.602585	0.60225	0.601911	0.6015683	0.6012374	0.6008879	0.6005657	0.6002105	0.5998591	0.5994853	0.5991526	0.5987675	0.5984533	0.5980619	0.5977631	0.5973674	0.5970806	0.5966815	0.5964041	0.5960021	0.595732	0.5953277	0.5950633	0.5946573	0.5943975	0.5939901	0.5937341	0.5933258	0.5930728	0.5926639	0.5924135	0.5920044	0.591756	0.591347	0.5911003	0.5906917	0.5904463	0.5900384	0.589794	0.5893871	0.5891434	0.5887376	0.5884945	0.5880901	0.5878472	0.5874445	0.5872015	0.5868007	0.5865575	0.5861587	0.5859151	0.5855186	0.5852743	0.5848803	0.5846352	0.5842438	0.5839978	0.583609	0.5833619	0.5829761	0.5827278	0.582345	0.5820953	0.5817153	0.581464	0.5810866	0.5808331	0.5804582	0.5802023	0.5798298	0.5795715	0.5792015	0.5789408	0.5785734	0.5783103	0.5779457	0.5776803	0.5773185	0.577051	0.5766921	0.5764225	0.5760665	0.5757949	0.5754418	0.5751683	0.5748183	0.5745429	0.5741958	0.5739187	0.5735746	0.5732959	0.5729546	0.572672	0.5723274	0.5720347	0.5716831	0.5713793	0.5710212	0.5707079	0.5703454	0.5700248	0.5696598	0.5693341	0.5689681	0.5686388	0.568273	0.5679412	0.5675763	0.5672428	0.5668792	0.5665445	0.5661825	0.5658472	0.5654869	0.5651513	0.5647927	0.5644572	0.5641003	0.5637652	0.5634101	0.5630756	0.5627222	0.5623887	0.5620368	0.5617047	0.5613543	0.5610247	0.5606785	0.5603533	0.5600078	0.559684	0.559339	0.5590171	0.5586726	0.5583535	0.5580094	0.5576939	0.5573502	0.5570391	0.5566958	0.5563896	0.5560466	0.5557463	0.5554034	0.5551097	0.5547668	0.5544807	0.5541377	0.5538602	0.5535168	0.5532491	0.5529053	0.5526488	0.5523045	0.5520607	0.5517157	0.549796	0.5503378	0.5488127	0.5495353	0.5480612	0.5489842	0.5473614	0.5486397	0.546621	0.54742	0.5456078	0.5463326	0.5448275	0.5454375	0.5441611	0.5446505	0.5435458	0.5439202	0.5429492	0.5432208	0.5423572	0.5425396	0.5417641	0.5418705	0.541168	0.5412099	0.5405683	0.5405558	0.5399651	0.5399068	0.5393589	0.5392619	0.53875	0.5386203	0.5381387	0.5379815	0.5375255	0.5373449	0.5369105	0.5367102	0.5362941	0.5360771	0.5356764	0.5354453	0.5350577	0.5348146	0.5344381	0.5341848	0.5338176	0.5335557	0.5331966	0.5329272	0.5325749	0.5322993	0.5319527	0.5316717	0.5313301	0.5310445	0.5307071	0.5304175	0.5300837	0.5297908	0.52946	0.5291642	0.5288359	0.5285377	0.5282116	0.5279113	0.5275871	0.5272849	0.5269623	0.5266585	0.5263373	0.5260321	0.525712	0.5254056	0.5250865	0.5247791	0.5244608	0.5241525	0.5238349	0.5235258	0.5232088	0.522899	0.5225825	0.5222721	0.521956	0.5216451	0.5213293	0.5210179	0.5207024	0.5203906	0.5200753	0.5197632	0.5194481	0.5191356	0.5188207	0.5185079	0.5181931	0.5178801	0.5175653	0.5172521	0.5169375	0.516624	0.5163095	0.5159959	0.5156814	0.5153676	0.5150532	0.5147393	0.5144249	0.514111	0.5137966	0.5134826	0.5131683	0.5128543	0.51254	0.512226	0.5119118	0.5115978	0.5112838	0.5109698	0.5106559	0.510342	0.5100282	0.5097145	0.5094009	0.5090873	0.508774	0.5084607	0.5081476	0.5078346	0.5075218	0.5072091	0.5068968	0.5065846	0.5062728	0.505961	0.5056498	0.5053387	0.5050282	0.5047178	0.5044081	0.5040987	0.5037888	0.5034766	0.5031619	0.5028436	0.5025221	0.5021972	0.5018697	0.5015395	0.5012076	0.5008741	0.5005399	0.5002049	0.4998702	0.4995355	0.4992018	0.4988691	0.4985379	0.4982085	0.4978814	0.4975567	0.4972352	0.496917	0.4966028	0.4962929	0.4959883	0.4956893	0.4953971	0.4951123	0.4948363	0.4945703	0.4943162	0.4940759	0.4938519	0.4936476	0.4934668	0.4933154	0.4931998	0.49226	0.4919985	0.4910705	0.4907933	0.4899725	0.4897343	0.4890305	0.4888334	0.4882287	0.4880604	0.4875327	0.4873801	0.4869107	0.4867643	0.4863389	0.486192	0.4858001	0.4856489	0.4852827	0.4851247	0.4847785	0.4846125	0.4842821	0.484108	0.4837905	0.4836085	0.4833016	0.4831124	0.4828144	0.4826187	0.4823282	0.4821266	0.4818426	0.4816359	0.4813574	0.4811463	0.4808727	0.4806576	0.4803882	0.4801698	0.4799041	0.4796827	0.4794202	0.4791963	0.4789367	0.4787106	0.4784535	0.4782256	0.4779707	0.4777413	0.4774888	0.4772598	0.4770108	0.4767806	0.4765326	0.476301	0.4760537	0.4758208	0.4755743	0.4753405	0.4750949	0.4748603	0.4746155	0.4743804	0.4741365	0.4739009	0.4736578	0.4734219	0.4731795	0.4729434	0.4727017	0.4724655	0.4722243	0.471988	0.4717474	0.471511	0.4712709	0.4710346	0.4707949	0.4705586	0.4703194	0.4700831	0.4698443	0.4696081	0.4693697	0.4691335	0.4688955	0.4686595	0.4684218	0.4681859	0.4679486	0.4677127	0.4674757	0.4672401	0.4670034	0.4667678	0.4665315	0.4662961	0.46606	0.4658248	0.4655889	0.4653539	0.4651183	0.4648834	0.4646481	0.4644134	0.4641784	0.4639439	0.463709	0.4634747	0.4632401	0.463006	0.4627716	0.4625377	0.4623035	0.4620698	0.4618359	0.4616023	0.4613686	0.4611352	0.4609017	0.4606685	0.4604353	0.4602023	0.4599692	0.4597364	0.4595036	0.4592709	0.4590383	0.4588059	0.4585734	0.4583412	0.458109	0.4578769	0.4576449	0.457413	0.4571812	0.4569496	0.4567179	0.4564865	0.4562551	0.4560238	0.4557926	0.4555615	0.4553305	0.4550996	0.4548688	0.4546381	0.4544075	0.4541764	0.4539435	0.4537085	0.4534712	0.4532317	0.4529903	0.4527471	0.4525022	0.4522561	0.4520087	0.4517602	0.4515109	0.4512609	0.4510103	0.4507591	0.4505075	0.4502555	0.4500032	0.4497507	0.4494981	0.4492453	0.4489924	0.4487395	0.4484866	0.4482336	0.4479807	0.4477279	0.4474751	0.4472224	0.4469698	0.4467174	0.446465	0.4462128	0.4459608	0.4457089	0.4454572	0.4452056	0.4449543	0.4447032	0.4444522	0.4442015	0.443951	0.4437008	0.4434508	0.4432011	0.4429516	0.4427025	0.4424536	0.442205	0.4419567	0.4417088	0.4414613	0.4412141	0.4409673	0.440721	0.4401094	0.440001	0.4395615	0.4393994	0.439062	0.4388433	0.4385726	0.4383081	0.4380829	0.4377842	0.4375899	0.4372672	0.4370936	0.436755	0.4365943	0.4362461	0.4360927	0.4357397	0.4355893	0.4352352	0.4350847	0.4347319	0.4345791	0.4342296	0.434073	0.4337279	0.4335665	0.4332266	0.4330598	0.4327256	0.432553	0.4322247	0.4320463	0.4317239	0.4315397	0.4312231	0.4310332	0.4307222	0.4305269	0.4302212	0.4300208	0.4297201	0.4295149	0.4292189	0.4290093	0.4287175	0.4285038	0.428216	0.4279985	0.4277144	0.4274935	0.4272127	0.4269886	0.4267108	0.4264838	0.4262088	0.4259792	0.4257067	0.4254748	0.4252045	0.4249705	0.4247021	0.4244662	0.4241998	0.4239621	0.4236973	0.4234581	0.4231947	0.4229542	0.4226921	0.4224504	0.4221895	0.4219467	0.4216868	0.421443	0.421184	0.4209394	0.4206813	0.4204359	0.4201785	0.4199324	0.4196757	0.419429	0.419173	0.4189258	0.4186702	0.4184225	0.4181675	0.4179194	0.4176648	0.4174164	0.4171622	0.4169135	0.4166597	0.4164107	0.4161573	0.4159081	0.415655	0.4154056	0.4151528	0.4149034	0.4146508	0.4144013	0.414149	0.4138994	0.4136475	0.4133979	0.4131462	0.4128966	0.4126452	0.4123957	0.4121446	0.4118949	0.4116432	0.4113921	0.4111387	0.4108856	0.4106304	0.4103755	0.4101189	0.4098627	0.4096051	0.4093481	0.4090901	0.4088327	0.4085746	0.4083172	0.4080593	0.4078021	0.4075447	0.407288	0.4070311	0.4067752	0.4065191	0.406264	0.406009	0.4057549	0.4055011	0.4052482	0.4049958	0.4047445	0.4044938	0.4042443	0.4039956	0.4037482	0.4035018	0.4032569	0.4030134	0.4027716	0.4025313	0.4022931	0.4020567	0.4018227	0.4015911	0.4013624	0.4011362	0.4009129	0.4006926	0.4004759	0.4002633	0.4000558	0.3998541	0.3996597	0.3994734	0.399297	0.3991323	0.3989813	0.398847	0.3987326	0.3986426	0.3985828	0.3985608	0.3976577	0.3974092	0.3964935	0.3962707	0.3954939	0.3953682	0.3947381	0.394693	0.3941748	0.3941775	0.3937358	0.3937599	0.3933697	0.3933984	0.3930438	0.3930682	0.3927395	0.3927551	0.3924465	0.3924514	0.3921592	0.3921529	0.3918746	0.3918572	0.3915912	0.3915633	0.391308	0.3912703	0.3910247	0.3909779	0.3907411	0.3906859	0.3904571	0.3903943	0.3901728	0.3901029	0.3898881	0.3898118	0.3896031	0.389521	0.3893179	0.3892305	0.3890325	0.3889403	0.3887471	0.3886505	0.3884616	0.388361	0.3881761	0.3880719	0.3878907	0.3877833	0.3876054	0.387495	0.3873203	0.3872071	0.3870353	0.3869197	0.3867505	0.3866328	0.3864675	0.3863522	0.386194	0.3860781	0.3859204	0.3858018	0.3856443	0.3855226	0.3853656	0.3852409	0.3850784	0.3849455	0.384786	0.3846516	0.3844952	0.3843616	0.3842074	0.384075	0.3839221	0.3837905	0.3836388	0.3835075	0.3833567	0.3832253	0.3830755	0.3829438	0.382795	0.3826628	0.3825151	0.3823823	0.3822357	0.3821022	0.3819567	0.3818226	0.3816781	0.3815435	0.3813999	0.3812649	0.3811221	0.3809868	0.3808447	0.3807091	0.3805676	0.3804319	0.3802909	0.3801552	0.3800146	0.3798789	0.3797387	0.379603	0.3794632	0.3793276	0.3791881	0.3790526	0.3789134	0.3787781	0.3786391	0.378504	0.3783652	0.3782303	0.3780922	0.377959	0.3778223	0.3776884	0.3775508	0.3774166	0.3772789	0.3771448	0.3770073	0.3768732	0.376736	0.3766018	0.3764646	0.3763302	0.376193	0.3760585	0.3759213	0.3757867	0.3756498	0.3755152	0.3753784	0.3752439	0.3751074	0.3749729	0.3748367	0.3747023	0.3745665	0.3744321	0.3742966	0.3741624	0.3740272	0.3738931	0.3737582	0.3736242	0.3734896	0.3733557	0.3732215	0.3730877	0.3729538	0.3728202	0.3726865	0.3725531	0.3724197	0.3722864	0.3721534	0.3720202	0.3718875	0.3717545	0.3716221	0.3714893	0.3713571	0.3712245	0.3710926	0.3709602	0.3708285	0.3706963	0.370565	0.370433	0.3703019	0.3701701	0.3700393	0.3699078	0.3697772	0.3696459	0.3695156	0.3693846	0.3692545	0.3691238	0.3689939	0.3688635	0.3687339	0.3686037	0.3684744	0.3683444	0.3682154	0.3680858	0.367957	0.3678277	0.3676992	0.3675721	0.3674512	0.367332	0.3672113	0.3670883	0.3669648	0.3668395	0.3667143	0.3665878	0.3664619	0.3663352	0.3662091	0.3660824	0.3659564	0.36583	0.3657042	0.365578	0.3654525	0.3653266	0.3652014	0.365076	0.3649512	0.3648261	0.3647017	0.3645771	0.3644532	0.3643291	0.3642056	0.3640819	0.3639589	0.3638359	0.3637134	0.3635909	0.3634691	0.3633472	0.363226	0.3631048	0.3629843	0.3628639	0.3627441	0.3626245	0.3625056	0.362387	0.3622691	0.3621515	0.3620346	0.3619182	0.3618027	0.3616877	0.3615736	0.3614602	0.3613479	0.3611474	0.3610307	0.3608571	0.3607443	0.3605947	0.3604827	0.3603494	0.3602353	0.3601131	0.3599957	0.3598814	0.3597608	0.3596524	0.359529	0.359425	0.3592993	0.3591987	0.3590714	0.3589734	0.358845	0.3587491	0.3586203	0.3585261	0.3583974	0.3583048	0.3581766	0.3580853	0.3579582	0.3578681	0.3577423	0.3576534	0.3575294	0.3574416	0.3573196	0.3572331	0.3571135	0.3570283	0.3569115	0.3568279	0.3567141	0.3566325	0.3565222	0.3564428	0.3563364	0.3562599	0.356158	0.3560848	0.3559882	0.3559192	0.3558286	0.3557649	0.3556815	0.3556243	0.3555497	0.3555008	0.3554369	0.3553987	0.3553483	0.3553241	0.3552912	0.3552856	0.3547001	0.3545828	0.3540357	0.3539518	0.3535097	0.3534783	0.3531262	0.3531279	0.3528388	0.3528542	0.3526075	0.3526244	0.3524071	0.3524201	0.352226	0.3522336	0.3520561	0.3520549	0.3518901	0.3518802	0.3517259	0.3517079	0.3515626	0.3515374	0.3513999	0.3513682	0.3512375	0.3512002	0.3510754	0.351033	0.3509135	0.3508666	0.3507516	0.3507004	0.3505884	0.3505318	0.3504209	0.3503585	0.3502482	0.3501805	0.3500706	0.3499985	0.3498893	0.3498137	0.3497055	0.349627	0.3495199	0.3494392	0.3493333	0.3492508	0.3491461	0.349062	0.3489585	0.3488733	0.3487708	0.3486845	0.3485831	0.348496	0.3483955	0.4026276	0.4526014	0.969932	12.27746	25.10107	19.05367	18.02964	19.42808	17.36496	14.60006	13.79958	10.18662	8.043524	6.44217	6.244764	4.690484	3.616377	3.915702	3.158944	2.513143	2.275407	1.847921	1.522311	1.272788	2.07507	3.513108	5.149327	8.85925	22.3	17.17351	14.59102	11.68589	8.620426	6.541461	5.000133	3.979071	3.557254	2.809798	2.245614	2.002207	1.656266	1.553731	2.635274	3.574069	4.492738	9.607002	7.699535	5.617908	6.16286	6.200535	5.099811	3.920662	4.076981	3.190803	2.546605	2.249574	1.849389	1.567674	1.349216	1.185663	1.061145	0.9664038	0.8956434	0.8399688	0.7997741	0.7663777	0.7437244	0.723277	0.7108795	0.6981864	0.6918946	0.6839949	0.6814199	0.6765973	0.6763054	0.673501	0.6745898	0.673128	0.6750418	10.55132	6.879414	5.165084	4.041526	3.183569	2.583943	2.096493	1.761238	1.495727	1.576199	1.662856	1.746213	1.810014	1.865173	1.907003	1.947904	1.972157	2.000337	2.018932	2.032	2.045515	2.061699	2.06608	2.081099	2.087276	2.096336	2.101097	2.111417	2.111324	2.121008	2.123739	2.131976	2.134875	2.1472	2.147608	2.15951	2.166402	2.17514	2.179663	2.188897	2.191245	2.20205	2.203747	2.2116	2.214213	2.223623	2.223445	2.233549	2.238923	2.247544	2.252123	2.265254	2.267182	2.280796	2.286638	2.297026	2.303762	2.314922	2.315155	2.327366	2.334481	2.342898	2.345652	2.358854	2.359675	2.370225	2.373882	2.381736	2.383072	2.392485	2.394107	2.403643	2.405864	2.41167	2.413816	2.423712	2.424939	2.431712	2.435273	2.439773	2.441888	2.450975	2.450489	2.457729	2.460725	2.465495	2.467916	2.476752	2.476929	2.485166	2.490196	2.498315	2.502882	2.514548	2.51606	2.525947	2.531239	2.536162	2.540254	2.548193	2.549584	2.557793	2.561519	2.567552	2.569974	2.578778	2.580554	2.587751	2.592853	2.597523	2.60188	2.613338	2.615625	2.627441	2.634783	2.643671	2.649502	2.661683	2.665228	2.676356	2.681549	2.690254	2.69448	2.705805	2.707099	2.717224	2.725472	2.735408	2.739709	2.361295	2.118226	1.92953	1.771082	1.65228	1.570352	1.501618	1.457494	1.417098	1.39395	1.370215	1.358924	1.344389	1.339791	1.331646	1.330097	1.325471	1.327153	1.324248	1.327777	1.325992	1.330639	1.327246	4.834348	12.00471	21.16405	24.2664	22.94652	18.92569	20.961	15.91748	12.24544	9.850039	8.040571	6.725553	8.6156	7.455781	6.158907	5.309084	6.517439	9.470253	15.76991	13.47225	13.8569	15.17201	15.00639	16.12024	11.82897	9.687537	8.118275	6.998471	6.085253	5.426862	4.884926	4.444554	4.100609	3.866343	3.663118	3.460614	3.345903	3.275229	3.188038	3.153509	3.122767	3.118809	3.106659	3.125389	3.129233	3.14313	3.153445	3.175299	3.194172	3.221098	3.242367	3.275047	3.288166	3.303017	3.264227	3.280672	3.292603	3.310726	3.332398	3.359623	3.385122	3.401843	3.421638	3.439309	3.453585	3.483378	3.487433	3.509311	3.518448	3.53149	3.529787	3.557437	3.561907	3.589266	3.568866	3.525655	3.518587	3.523101	3.527374	3.557941	3.570957	3.592786	3.595478	3.616256	3.619784	3.636777	3.646043	3.648451	3.584673	3.581881	3.567805	3.573474	3.558508	3.55974	3.562515	3.584045	3.594525	3.609826	3.607823	3.61432	3.610923	3.59047	3.520014	3.515489	3.509754	3.459472	3.453165	3.442941	3.429156	3.389516	3.388637	3.405068	3.40973	3.421288	3.422067	3.396512	3.387942	3.355575	3.335775	3.33772	3.339326	3.349793	3.361027	3.383553	3.397422	3.29207	3.251188	3.253137	3.223966	3.236765	3.241155	3.268103	3.26966	3.227712	3.228685	3.232857	3.243824	3.26488	3.2755	3.291412	3.28553	3.189172	3.159463	3.167352	3.151691	3.173402	3.187321	3.195544	3.176187	3.188783	3.176546	3.19024	3.199008	3.159934	3.15306	3.166096	3.139702	3.143253	3.152603	3.162792	3.17516	3.173234	3.173809	3.188087	3.199576	3.177881	3.124652	3.121618	3.109894	3.120004	3.11476	3.129641	3.135285	3.152703	3.142679	3.112287	3.103595	3.057285	3.061368	3.057517	3.066866	3.077165	3.085649	3.058859	3.056863	3.064418	3.07387	3.076294	3.078946	3.030527	3.034744	3.033314	3.01054	3.007247	3.014157	3.021653	3.031443	3.026988	3.031112	3.033182	3.031271	3.013816	2.966081	2.958782	2.95898	2.964816	2.973098	2.969924	2.982412	2.983766	2.993709	2.9939	2.993674	2.990464	2.994532	2.954168	2.95541	2.950403	2.943235	2.919949	2.91043	2.909348	2.908311	2.912376	2.910866	2.912667	2.92033	2.919277	2.927313	2.880306	2.877005	2.870876	2.866887	2.868596	2.868898	2.865465	2.866718	2.861755	2.862896	2.860035	2.86322	2.86315	2.822824	2.814373	2.81574	2.804048	2.804939	2.800355	2.796747	2.796691	2.801477	2.800961	2.797877	2.795484	2.792738	2.754092	2.750105	2.739052	2.738849	2.733375	2.732118	2.722674	2.716495	2.713059	2.714528	2.715656	2.712324	2.671699	2.658982	2.647223	2.643358	2.642249	2.636121	2.633722	2.636092	2.6374	2.64025	2.639118	2.626397	2.588568	2.581719	2.576558	2.572307	2.571753	2.568439	2.570541	2.568573	2.562174	2.557891	2.557652	2.555481	2.521036	2.511027	2.507395	2.50528	2.498881	2.49151	2.486491	2.486178	2.482636	2.482717	2.483675	2.474392	2.4419	2.426981	2.423357	2.421385	2.422154	2.417977	2.418257	2.419517	2.422054	2.416555	2.412377	2.378894	2.372828	2.372455	2.3641	2.363177	2.366233	2.364479	2.368354	2.363375	2.360107	2.359378	2.361791	2.363672	2.320174	2.31076	2.308526	2.310962	2.31191	2.307841	2.305599	2.306385	2.307865	2.308455	2.304605	2.303639	2.30612	2.269601	2.261263	2.25535	2.247317	2.247308	2.247702	2.252256	2.253828	2.256623	2.253222	2.253993	2.255436	2.255206	2.229537	2.222506	2.215961	2.218174	2.20574	2.203611	2.204007	